-3.598154 0.647922 -1.852923
-3.612643 0.597935 -1.852923
-3.627132 0.547949 -1.852919
-3.641621 0.497963 -1.852923
-3.656110 0.447977 -1.852923
-3.670599 0.397990 -1.852923
-3.685087 0.348004 -1.852919
-3.699576 0.298018 -1.852924
-3.714065 0.248032 -1.852919
-3.728554 0.198045 -1.852923
-3.743043 0.148059 -1.852924
-3.757532 0.098073 -1.852918
-3.772020 0.048087 -1.852919
-3.786509 -0.001900 -1.852928
-3.800998 -0.051886 -1.852914
-3.815487 -0.101872 -1.852928
-3.829976 -0.151858 -1.852918
-3.844465 -0.201845 -1.852928
-3.858954 -0.251831 -1.852914
-3.873442 -0.301817 -1.852928
-3.887931 -0.351803 -1.852919
-3.902420 -0.401790 -1.852928
-3.916909 -0.451776 -1.852918
-3.931398 -0.501762 -1.852919
-3.945887 -0.551748 -1.852923
-3.960376 -0.601735 -1.852923
-3.974864 -0.651721 -1.852919
-3.989353 -0.701707 -1.852928
-4.003842 -0.751693 -1.852910
-4.018331 -0.801680 -1.852928
-4.032820 -0.851666 -1.852918
-4.047308 -0.901652 -1.852919
-4.061797 -0.951638 -1.852928
-4.076286 -1.001625 -1.852919
-4.090775 -1.051611 -1.852928
-4.105264 -1.101597 -1.852919
-4.119753 -1.151583 -1.852928
-4.134242 -1.201570 -1.852919
-4.148731 -1.251556 -1.852919
-4.163219 -1.301542 -1.852919
-4.177708 -1.351528 -1.852919
-4.192197 -1.401515 -1.852928
-4.206686 -1.451501 -1.852919
-4.221175 -1.501487 -1.852928
-4.235664 -1.551473 -1.852919
-4.250153 -1.601460 -0.038922
-4.199115 -1.603447 -0.038922
-4.148078 -1.605434 -0.038922
-4.097042 -1.607422 -0.038922
-4.046004 -1.609409 -0.038922
-3.994967 -1.611397 -0.038922
-3.943930 -1.613384 -0.038922
-3.892893 -1.615372 -0.038922
-3.841856 -1.617359 -0.038922
-3.790819 -1.619347 -0.038922
-3.739782 -1.621334 -0.038922
-3.688745 -1.623322 -0.038922
-3.637707 -1.625309 -0.038922
-3.586670 -1.627296 -0.038922
-3.535633 -1.629284 -0.038922
-3.484596 -1.631271 -0.038922
-3.433559 -1.633259 -0.038922
-3.382522 -1.635246 -0.038922
-3.331485 -1.637234 -0.038922
-3.280448 -1.639221 -0.038924
-3.229411 -1.641209 -0.038922
-3.178374 -1.643196 -0.038919
-3.127336 -1.645184 -0.038922
-3.076299 -1.647171 -0.038922
-3.025262 -1.649158 -0.038922
-2.974225 -1.651146 -0.038922
-2.923188 -1.653133 -0.038922
-2.872151 -1.655121 -0.038922
-2.821114 -1.657108 -0.038922
-2.770077 -1.659096 -0.038922
-2.719040 -1.661083 -0.038922
-2.668003 -1.663071 -0.038922
-2.616966 -1.665058 -0.038922
-2.565928 -1.667046 -0.038922
-2.514891 -1.669033 -0.038922
-2.463854 -1.671021 -0.038922
-2.412817 -1.673008 -0.038922
-2.361780 -1.674995 -0.038922
-2.310743 -1.676983 -0.038922
-2.259706 -1.678970 -0.038922
-2.208668 -1.680958 -0.038922
-2.157631 -1.682945 -0.038922
-2.106594 -1.684933 -0.038922
-2.055557 -1.686920 -0.038922
-2.004520 -1.688908 -0.038922
-1.953483 -1.690895 -0.038922
-1.902446 -1.692883 -0.038922
-1.851409 -1.694870 -0.038922
-1.800372 -1.696857 -0.038922
-1.749335 -1.698845 -0.038922
-1.698298 -1.700832 -0.038922
-1.647261 -1.702820 -0.038922
-1.596223 -1.704807 -0.038922
-1.545186 -1.706795 -0.038922
-1.494149 -1.708782 -0.038922
-1.443112 -1.710770 -0.038922
-1.392075 -1.712757 -0.038922
-1.341038 -1.714745 -0.038922
-1.290001 -1.716732 -0.038922
-1.238964 -1.718719 -0.038922
-1.187927 -1.720707 -0.038922
-1.136890 -1.722694 -0.038922
-1.085853 -1.724682 -0.038922
-1.034815 -1.726669 -0.038922
-0.983778 -1.728657 -0.038922
-0.932741 -1.730644 -0.038922
-0.881704 -1.732632 -0.038922
-0.830667 -1.734619 -0.038922
-0.779630 -1.736607 -0.038922
-0.728593 -1.738594 -0.038922
-0.677556 -1.740582 -0.038922
-0.626519 -1.742569 -0.038922
-0.575482 -1.744556 -0.038922
-0.524444 -1.746544 -0.038922
-0.473407 -1.748531 -0.038922
-0.422370 -1.750519 -0.038922
-0.371333 -1.752506 -0.038922
-0.320296 -1.754494 -0.038922
-0.269259 -1.756481 -0.038922
-0.218222 -1.758469 1.396084
-0.209210 -1.707413 1.396083
-0.200198 -1.656357 1.396083
-0.191186 -1.605301 1.396083
-0.182174 -1.554245 1.396083
-0.173162 -1.503189 1.396083
-0.164150 -1.452133 1.396084
-0.155138 -1.401077 1.396084
-0.146126 -1.350021 1.396083
-0.137114 -1.298965 1.396083
-0.128102 -1.247909 1.396083
-0.119090 -1.196853 1.396083
-0.110078 -1.145797 1.396083
-0.101066 -1.094741 1.396083
-0.092053 -1.043685 1.396083
-0.083041 -0.992630 1.396084
-0.074029 -0.941573 1.396083
-0.065017 -0.890518 1.396083
-0.056005 -0.839462 1.396083
-0.046993 -0.788406 1.396083
-0.037981 -0.737350 1.396083
-0.028969 -0.686294 1.396083
-0.019957 -0.635238 1.396084
-0.010945 -0.584182 1.396083
-0.001933 -0.533126 1.396083
0.007079 -0.482070 1.396083
0.016091 -0.431014 1.396083
0.025103 -0.379958 1.396083
0.034115 -0.328902 1.396083
0.043127 -0.277846 1.396083
0.052139 -0.226790 1.396084
0.061151 -0.175734 1.396083
0.070163 -0.124678 1.396083
0.079175 -0.073622 1.396083
0.088187 -0.022567 1.396083
0.097199 0.028489 1.396083
0.106211 0.079545 1.396083
0.115223 0.130601 1.396083
0.124235 0.181657 1.396083
0.133247 0.232713 1.396084
0.142259 0.283769 1.396083
0.151271 0.334825 1.396083
0.160283 0.385881 1.396084
0.169295 0.436937 1.396083
0.178307 0.487993 1.396083
0.187319 0.539049 1.396084
0.196331 0.590105 1.396083
0.205343 0.641161 1.396083
0.214355 0.692217 1.396084
0.223367 0.743273 1.396083
0.232379 0.794329 1.396083
0.241391 0.845385 1.396083
0.250403 0.896441 1.396083
0.259415 0.947496 -3.064089
0.208658 0.943555 -3.064089
0.157900 0.939613 -3.064090
0.107143 0.935671 -3.064088
0.056385 0.931729 -3.064090
0.005628 0.927788 -3.064088
-0.045130 0.923846 -3.064089
-0.095887 0.919904 -3.064089
-0.146645 0.915962 -3.064089
-0.197402 0.912020 -3.064089
-0.248160 0.908079 -3.064089
-0.298917 0.904137 -3.064089
-0.349675 0.900195 -3.064089
-0.400432 0.896253 -3.064088
-0.451190 0.892312 -3.064090
-0.501947 0.888370 -3.064089
-0.552705 0.884428 -3.064089
-0.603462 0.880486 -3.064089
-0.654220 0.876544 -3.064089
-0.704977 0.872603 -3.064089
-0.755735 0.868661 -3.064089
-0.806492 0.864719 -3.064089
-0.857249 0.860777 -3.064088
-0.908007 0.856836 -3.064090
-0.958764 0.852894 -3.064089
-1.009522 0.848952 -3.064089
-1.060280 0.845010 -3.064089
-1.111037 0.841069 -3.064089
-1.161794 0.837127 -3.064089
-1.212552 0.833185 -3.064089
-1.263309 0.829243 -3.064089
-1.314067 0.825301 -3.064089
-1.364825 0.821360 -3.064089
-1.415582 0.817418 -3.064090
-1.466339 0.813476 -3.064088
-1.517097 0.809534 -3.064089
-1.567855 0.805593 -3.064089
-1.618612 0.801651 -3.064089
-1.669369 0.797709 -3.064089
-1.720127 0.793767 -3.064089
-1.770884 0.789825 -3.064089
-1.821642 0.785884 -3.064089
-1.872399 0.781942 -3.064089
-1.923157 0.778000 -3.064089
-1.973914 0.774058 -3.064089
-2.024672 0.770117 -3.064089
-2.075429 0.766175 -3.064089
-2.126187 0.762233 -3.064088
-2.176944 0.758291 -3.064089
-2.227702 0.754349 -3.064089
-2.278459 0.750408 -3.064089
-2.329217 0.746466 -3.064089
-2.379974 0.742524 -3.064089
-2.430732 0.738582 -3.064089
-2.481489 0.734641 -3.064089
-2.532247 0.730699 -3.064089
-2.583004 0.726757 -3.064089
-2.633762 0.722815 -3.064089
-2.684519 0.718874 -3.064089
-2.735277 0.714932 -3.064089
-2.786034 0.710990 -3.064089
-2.836792 0.707048 -3.064089
-2.887549 0.703106 -3.064089
-2.938307 0.699165 -3.064089
-2.989064 0.695223 -3.064089
-3.039822 0.691281 -3.064089
-3.090579 0.687339 -3.064089
-3.141336 0.683398 -3.064089
-3.192094 0.679456 -3.064089
-3.242851 0.675514 -3.064089
-3.293609 0.671572 -3.064089
-3.344367 0.667630 -3.064089
-3.395124 0.663689 -3.064089
-3.445882 0.659747 -3.064089
-3.496639 0.655805 -3.064089
-3.547396 0.651863 -3.064089
EOP
-3.489987 0.384253 -0.038922
-3.438386 0.382244 -0.038922
-3.386786 0.380234 -0.038922
-3.335186 0.378225 -0.038921
-3.283586 0.376216 -0.038922
-3.231985 0.374206 -0.038922
-3.180385 0.372197 -0.038921
-3.128785 0.370188 -0.038922
-3.077185 0.368178 -0.038922
-3.025584 0.366169 -0.038921
-2.973984 0.364159 -0.038922
-2.922384 0.362150 -0.038922
-2.870784 0.360141 -0.038921
-2.819184 0.358131 -0.038922
-2.767584 0.356122 -0.038922
-2.715983 0.354112 -0.038921
-2.664383 0.352103 -0.038922
-2.612782 0.350094 -0.038921
-2.561182 0.348084 -0.038922
-2.509582 0.346075 -0.038922
-2.457982 0.344065 -0.038922
-2.406382 0.342056 -0.038922
-2.354782 0.340047 -0.038922
-2.303181 0.338037 -0.038922
-2.251581 0.336028 -0.038922
-2.199981 0.334019 -0.038921
-2.148381 0.332009 -0.038922
-2.096780 0.330000 -0.038922
-2.045180 0.327990 -0.038922
-1.993580 0.325981 -0.038921
-1.941980 0.323972 -0.038922
-1.890379 0.321962 -0.038922
-1.838779 0.319953 -0.038922
-1.787179 0.317943 -0.038922
-1.735579 0.315934 -0.038922
-1.683978 0.313925 -0.038922
-1.632378 0.311915 -0.038921
-1.580778 0.309906 -0.038922
-1.529178 0.307897 -0.038922
-1.477577 0.305887 -0.038921
-1.425977 0.303878 -0.038922
-1.374377 0.301868 -0.038922
-1.322777 0.299859 -0.038922
-1.271177 0.297850 -0.038922
-1.219576 0.295840 -0.038922
-1.167976 0.293831 -0.038922
-1.116376 0.291821 -0.038922
-1.064776 0.289812 -0.038921
-1.013175 0.287803 -0.038922
-0.961575 0.285793 -0.038922
-0.909975 0.283784 -0.038922
-0.858375 0.281774 -0.038922
-0.806774 0.279765 -0.038921
-0.755174 0.277756 -0.038922
-0.703574 0.275746 -0.038922
-0.651974 0.273737 -0.038922
-0.600374 0.271728 -0.038922
-0.548773 0.269718 -0.038921
-0.497173 0.267709 -0.038922
-0.445573 0.265699 -0.038922
-0.393973 0.263690 -0.038922
-0.342372 0.261681 0.046727
-0.261957 0.265441 0.243449
-0.195641 0.281912 0.474221
-0.143518 0.308666 0.740889
-0.105685 0.343273 1.040891
-0.082234 0.383305 1.365210
-0.073262 0.426334 1.698538
-0.078861 0.469930 2.022859
-0.099127 0.511664 2.322859
-0.134155 0.549109 2.589529
-0.184039 0.579835 2.820299
-0.248874 0.601413 3.017022
-0.328753 0.611416 3.102671
-0.379756 0.613402 3.102672
-0.430759 0.615388 3.102671
-0.481762 0.617374 3.102671
-0.532765 0.619360 3.102671
-0.583768 0.621346 3.102671
-0.634771 0.623332 3.102671
-0.685774 0.625319 3.102672
-0.736777 0.627305 3.102672
-0.787780 0.629291 3.102671
-0.838783 0.631277 3.102671
-0.889786 0.633263 3.102671
-0.940789 0.635249 3.102672
-0.991792 0.637235 3.102671
-1.042795 0.639221 3.102671
-1.093798 0.641208 3.102672
-1.144801 0.643194 3.102671
-1.195804 0.645180 3.102671
-1.246807 0.647166 3.102671
-1.297810 0.649152 3.102671
-1.348813 0.651138 3.102672
-1.399816 0.653124 3.102672
-1.450819 0.655110 3.102669
-1.501822 0.657097 3.102672
-1.552825 0.659083 3.102671
-1.603828 0.661069 3.102671
-1.654832 0.663055 3.102670
-1.705834 0.665041 3.102671
-1.756837 0.667027 3.102672
-1.807841 0.669013 3.102670
-1.858843 0.670999 3.102672
-1.909846 0.672986 3.102671
-1.960850 0.674972 3.102671
-2.011853 0.676958 3.102671
-2.062855 0.678944 3.102671
-2.113859 0.680930 3.102672
-2.164862 0.682916 3.102671
-2.215865 0.684902 3.102671
-2.266868 0.686889 3.102672
-2.317871 0.688875 3.102671
-2.368874 0.690861 3.102671
-2.419877 0.692847 3.102672
-2.470880 0.694833 3.102671
-2.521883 0.696819 3.102671
-2.572886 0.698805 3.102671
-2.623889 0.700791 3.102671
-2.674892 0.702778 3.102672
-2.725895 0.704764 3.102671
-2.776898 0.706750 -3.067705
-2.832191 0.702657 -2.830160
-2.881457 0.686798 -2.596461
-2.924638 0.660612 -2.383478
-2.961679 0.625538 -2.198355
-2.992524 0.583016 -2.039805
-3.017116 0.534485 -1.902408
-3.035400 0.481384 -1.779680
-3.047320 0.425152 -1.665439
-3.052818 0.367229 -1.553995
-3.051841 0.309054 -1.439758
-3.044330 0.252066 -1.317036
-3.030231 0.197703 -1.179620
-3.009487 0.147407 -1.021080
-2.982043 0.102615 -0.835969
-2.947841 0.064767 -0.622966
-2.906827 0.035303 -0.389278
-2.858944 0.015660 -0.151731
-2.804136 0.007280 -0.038922
-2.752048 0.005252 -0.038922
-2.699960 0.003223 -0.038922
-2.647871 0.001195 -0.038922
-2.595783 -0.000834 -0.038922
-2.543695 -0.002862 -0.038922
-2.491607 -0.004890 -0.038922
-2.439519 -0.006919 -0.038922
-2.387431 -0.008947 -0.038922
-2.335342 -0.010976 -0.038922
-2.283254 -0.013004 -0.038922
-2.231166 -0.015032 -0.038922
-2.179078 -0.017061 -0.038922
-2.126990 -0.019089 -0.038922
-2.074902 -0.021118 -0.038922
-2.022813 -0.023146 -0.038922
-1.970725 -0.025174 -0.038922
-1.918637 -0.027203 -0.038922
-1.866549 -0.029231 -0.038922
-1.814461 -0.031259 -0.038922
-1.762372 -0.033288 -0.038922
-1.710284 -0.035316 -0.038922
-1.658196 -0.037345 -0.038922
-1.606108 -0.039373 -0.038922
-1.554020 -0.041401 -0.038922
-1.501931 -0.043430 -0.038922
-1.449843 -0.045458 -0.038922
-1.397755 -0.047487 -0.038922
-1.345667 -0.049515 -0.038922
-1.293579 -0.051543 -0.038922
-1.241491 -0.053572 -0.038922
-1.189402 -0.055600 -0.038922
-1.137314 -0.057628 -0.038922
-1.085226 -0.059657 -0.038922
-1.033138 -0.061685 -0.038922
-0.981050 -0.063714 -0.038922
-0.928961 -0.065742 -0.038922
-0.876873 -0.067770 -0.038922
-0.824785 -0.069799 -0.038922
-0.772697 -0.071827 -0.038922
-0.720609 -0.073856 -0.038922
-0.668521 -0.075884 -0.038922
-0.616432 -0.077912 -0.038922
-0.564344 -0.079941 -0.038922
-0.512256 -0.081969 -0.038922
-0.460168 -0.083998 -0.038922
-0.408080 -0.086026 -0.038922
-0.355992 -0.088054 -0.124570
-0.276112 -0.098057 -0.321293
-0.211277 -0.119635 -0.552065
-0.161394 -0.150361 -0.818733
-0.126366 -0.187806 -1.118734
-0.106099 -0.229540 -1.443054
-0.100500 -0.273136 -1.776382
-0.109473 -0.316164 -2.100703
-0.132923 -0.356197 -2.400703
-0.170757 -0.390804 -2.667371
-0.222879 -0.417558 -2.898143
-0.289195 -0.434029 -3.094866
-0.369611 -0.437789 3.102670
-0.421423 -0.435772 3.102672
-0.473236 -0.433754 3.102670
-0.525048 -0.431736 3.102672
-0.576861 -0.429719 3.102670
-0.628674 -0.427701 3.102672
-0.680486 -0.425683 3.102670
-0.732299 -0.423666 3.102670
-0.784111 -0.421648 3.102671
-0.835924 -0.419630 3.102671
-0.887736 -0.417613 3.102671
-0.939549 -0.415595 3.102671
-0.991362 -0.413577 3.102670
-1.043174 -0.411560 3.102672
-1.094987 -0.409542 3.102670
-1.146799 -0.407524 3.102671
-1.198612 -0.405507 3.102671
-1.250425 -0.403489 3.102671
-1.302237 -0.401471 3.102671
-1.354050 -0.399454 3.102670
-1.405862 -0.397436 3.102671
-1.457675 -0.395418 3.102670
-1.509488 -0.393401 3.102671
-1.561300 -0.391383 3.102671
-1.613113 -0.389365 3.102670
-1.664925 -0.387348 3.102671
-1.716738 -0.385330 3.102671
-1.768551 -0.383313 3.102671
-1.820363 -0.381295 3.102671
-1.872176 -0.379277 3.102671
-1.923988 -0.377260 3.102670
-1.975801 -0.375242 3.102672
-2.027613 -0.373224 3.102671
-2.079426 -0.371207 3.102671
-2.131238 -0.369189 3.102671
-2.183051 -0.367171 3.102671
-2.234864 -0.365154 3.102671
-2.286676 -0.363136 3.102671
-2.338489 -0.361118 3.102671
-2.390301 -0.359101 3.102672
-2.442114 -0.357083 3.102671
-2.493927 -0.355065 3.102671
-2.545739 -0.353048 3.102671
-2.597552 -0.351030 3.102671
-2.649364 -0.349012 3.102671
-2.701177 -0.346995 3.102671
-2.752990 -0.344977 3.102671
-2.804802 -0.342959 3.102670
-2.856615 -0.340942 3.102672
-2.908427 -0.338924 3.102670
-2.960240 -0.336906 3.102671
-3.012053 -0.334889 3.102671
-3.063865 -0.332871 3.102672
-3.115678 -0.330853 3.102671
-3.167490 -0.328836 3.050088
-3.233804 -0.322751 2.928000
-3.292850 -0.309944 2.780919
-3.344629 -0.290414 2.608730
-3.389142 -0.264162 2.416940
-3.426387 -0.231188 2.217604
-3.456365 -0.191491 2.025814
-3.479075 -0.145072 1.853628
-3.494519 -0.091931 1.706543
-3.502696 -0.032068 1.584459
-3.503606 0.034518 -1.593592
-3.505538 -0.050236 -1.558038
-3.504525 -0.129633 -1.517392
-3.500567 -0.203671 -1.470621
-3.493664 -0.272351 -1.416504
-3.483816 -0.335673 -1.353566
-3.471023 -0.393636 -1.280096
-3.455284 -0.446242 -1.194227
-3.436601 -0.493489 -1.094168
-3.414972 -0.535378 -0.978636
-3.390399 -0.571909 -0.847573
-3.362880 -0.603081 -0.702968
-3.332416 -0.628896 -0.549411
-3.299007 -0.649352 -0.393625
-3.262653 -0.664450 -0.242942
-3.223354 -0.674189 -0.103348
-3.181109 -0.678571 -0.038922
-3.129297 -0.680588 -0.038922
-3.077484 -0.682606 -0.038921
-3.025671 -0.684624 -0.038921
-2.973859 -0.686641 -0.038922
-2.922046 -0.688659 -0.038922
-2.870234 -0.690677 -0.038922
-2.818421 -0.692694 -0.038921
-2.766608 -0.694712 -0.038921
-2.714796 -0.696730 -0.038922
-2.662983 -0.698747 -0.038923
-2.611171 -0.700765 -0.038921
-2.559358 -0.702783 -0.038921
-2.507545 -0.704800 -0.038922
-2.455733 -0.706818 -0.038922
-2.403920 -0.708836 -0.038921
-2.352108 -0.710853 -0.038922
-2.300295 -0.712871 -0.038922
-2.248482 -0.714889 -0.038921
-2.196670 -0.716906 -0.038921
-2.144858 -0.718924 -0.038923
-2.093045 -0.720942 -0.038921
-2.041233 -0.722959 -0.038921
-1.989420 -0.724977 -0.038923
-1.937607 -0.726995 -0.038921
-1.885795 -0.729012 -0.038922
-1.833982 -0.731030 -0.038922
-1.782170 -0.733047 -0.038921
-1.730357 -0.735065 -0.038921
-1.678544 -0.737083 -0.038923
-1.626732 -0.739100 -0.038921
-1.574919 -0.741118 -0.038922
-1.523107 -0.743136 -0.038922
-1.471294 -0.745153 -0.038921
-1.419482 -0.747171 -0.038921
-1.367669 -0.749189 -0.038923
-1.315856 -0.751206 -0.038921
-1.264044 -0.753224 -0.038921
-1.212231 -0.755242 -0.038922
-1.160419 -0.757259 -0.038922
-1.108606 -0.759277 -0.038921
-1.056793 -0.761295 -0.038922
-1.004981 -0.763312 -0.038922
-0.953168 -0.765330 -0.038921
-0.901356 -0.767348 -0.038923
-0.849543 -0.769365 -0.038920
-0.797730 -0.771383 -0.038923
-0.745918 -0.773401 -0.038922
-0.694105 -0.775418 -0.038921
-0.642293 -0.777436 -0.038922
-0.590480 -0.779454 -0.038921
-0.538668 -0.781471 -0.038922
-0.486855 -0.783489 -0.038921
-0.435042 -0.785506 -0.038922
-0.383230 -0.787524 -0.124571
-0.303350 -0.797527 -0.321291
-0.238516 -0.819105 -0.552067
-0.188632 -0.849831 -0.818732
-0.153604 -0.887276 -1.118735
-0.133338 -0.929010 -1.443054
-0.127738 -0.972606 -1.776382
-0.136711 -1.015634 -2.100703
-0.160162 -1.055667 -2.400702
-0.197995 -1.090274 -2.667371
-0.250117 -1.117028 -2.898144
-0.316433 -1.133499 -3.094865
-0.396849 -1.137259 3.102671
-0.448449 -1.135250 3.102671
-0.500049 -1.133240 3.102671
-0.551650 -1.131231 3.102671
-0.603250 -1.129222 3.102671
-0.654850 -1.127212 3.102671
-0.706450 -1.125203 3.102673
-0.758051 -1.123194 3.102671
-0.809651 -1.121184 3.102669
-0.861251 -1.119175 3.102673
-0.912851 -1.117165 3.102668
-0.964452 -1.115156 3.102671
-1.016052 -1.113146 3.102673
-1.067652 -1.111137 3.102671
-1.119252 -1.109128 3.102668
-1.170853 -1.107118 3.102673
-1.222453 -1.105109 3.102671
-1.274053 -1.103100 3.102671
-1.325653 -1.101090 3.102671
-1.377253 -1.099081 3.102671
-1.428854 -1.097071 3.102671
-1.480454 -1.095062 3.102671
-1.532054 -1.093053 3.102668
-1.583654 -1.091043 3.102673
-1.635255 -1.089034 3.102671
-1.686855 -1.087024 3.102671
-1.738455 -1.085015 3.102671
-1.790055 -1.083006 3.102671
-1.841655 -1.080996 3.102671
-1.893256 -1.078987 3.102671
-1.944856 -1.076977 3.102671
-1.996456 -1.074968 3.102671
-2.048056 -1.072959 3.102671
-2.099657 -1.070949 3.102671
-2.151257 -1.068940 3.102671
-2.202857 -1.066931 3.102671
-2.254457 -1.064921 3.102671
-2.306058 -1.062912 3.102671
-2.357658 -1.060902 3.102671
-2.409258 -1.058893 3.102671
-2.460858 -1.056884 3.102671
-2.512459 -1.054874 3.102671
-2.564059 -1.052865 3.102671
-2.615659 -1.050855 3.102671
-2.667259 -1.048846 3.102671
-2.718860 -1.046837 3.102671
-2.770460 -1.044827 3.102673
-2.822060 -1.042818 3.102671
-2.873661 -1.040809 3.102668
-2.925261 -1.038799 3.102673
-2.976861 -1.036790 3.102671
-3.028461 -1.034780 3.102671
-3.080061 -1.032771 3.102671
-3.131661 -1.030762 3.102671
-3.183262 -1.028752 3.102671
-3.234862 -1.026743 3.102671
-3.286462 -1.024733 3.102671
-3.338063 -1.022724 3.102671
-3.389663 -1.020715 3.102671
-3.441263 -1.018705 3.102671
-3.492863 -1.016696 3.102671
-3.544463 -1.014686 3.050087
-3.610776 -1.008601 2.928004
-3.669823 -0.995794 2.780916
-3.721602 -0.976265 2.608733
-3.766115 -0.950013 2.416936
-3.803360 -0.917038 2.217604
-3.833338 -0.877342 2.025818
-3.856049 -0.830923 1.853628
-3.871493 -0.777782 1.706547
-3.879670 -0.717918 1.584456
-3.880579 -0.651332 -1.593592
-3.882512 -0.736087 -1.558035
-3.881498 -0.815484 -1.517395
-3.877541 -0.889522 -1.470617
-3.870637 -0.958202 -1.416511
-3.860790 -1.021523 -1.353566
-3.847996 -1.079487 -1.280092
-3.832258 -1.132092 -1.194227
-3.813574 -1.179340 -1.094164
-3.791945 -1.221229 -0.978645
-3.767372 -1.257759 -0.847563
-3.739853 -1.288932 -0.702973
-3.709389 -1.314746 -0.549411
-3.675980 -1.335202 -0.393627
-3.639626 -1.350300 -0.242942
-3.600327 -1.360040 -0.103346
-3.558083 -1.364421 -0.038920
-3.506651 -1.366424 -0.038922
-3.455219 -1.368427 -0.038922
-3.403788 -1.370430 -0.038924
-3.352356 -1.372433 -0.038920
-3.300924 -1.374436 -0.038922
-3.249493 -1.376438 -0.038922
-3.198061 -1.378441 -0.038922
-3.146630 -1.380444 -0.038920
-3.095198 -1.382447 -0.038924
-3.043766 -1.384450 -0.038920
-2.992335 -1.386452 -0.038925
-2.940903 -1.388455 -0.038920
-2.889472 -1.390458 -0.038920
-2.838040 -1.392461 -0.038925
-2.786608 -1.394464 -0.038924
-2.735177 -1.396467 -0.038920
-2.683745 -1.398469 -0.038922
-2.632314 -1.400472 -0.038920
-2.580882 -1.402475 -0.038922
-2.529450 -1.404478 -0.038922
-2.478019 -1.406481 -0.038922
-2.426587 -1.408484 -0.038925
-2.375156 -1.410486 -0.038920
-2.323724 -1.412489 -0.038920
-2.272292 -1.414492 -0.038924
-2.220861 -1.416495 -0.038920
-2.169429 -1.418498 -0.038920
-2.117997 -1.420500 -0.038925
-2.066566 -1.422503 -0.038922
-2.015134 -1.424506 -0.038922
-1.963703 -1.426509 -0.038922
-1.912271 -1.428512 -0.038922
-1.860840 -1.430515 -0.038920
-1.809408 -1.432517 -0.038922
-1.757976 -1.434520 -0.038922
-1.706545 -1.436523 -0.038922
-1.655113 -1.438526 -0.038922
-1.603682 -1.440529 -0.038922
-1.552250 -1.442531 -0.038922
-1.500818 -1.444534 -0.038920
-1.449387 -1.446537 -0.038924
-1.397955 -1.448540 -0.038920
-1.346523 -1.450543 -0.038922
-1.295092 -1.452546 -0.038922
-1.243660 -1.454548 -0.038924
-1.192229 -1.456551 -0.038920
-1.140797 -1.458554 -0.038922
-1.089365 -1.460557 -0.038922
-1.037934 -1.462560 -0.038920
-0.986502 -1.464562 -0.038922
-0.935071 -1.466565 -0.038922
-0.883639 -1.468568 -0.038922
-0.832207 -1.470571 -0.038922
-0.780776 -1.472574 -0.038922
-0.729344 -1.474577 -0.038920
-0.677913 -1.476579 -0.038922
-0.626481 -1.478582 -0.038922
-0.575049 -1.480585 -0.038922
-0.523618 -1.482588 -0.038922
-0.472186 -1.484591 -0.038922
-0.420754 -1.486593 -0.038922
-0.369323 -1.488596 -0.038922
-0.317891 -1.490599 -0.038920
-0.266460 -1.492602 -0.038924
-0.215028 -1.494605 -0.038922
-0.163597 -1.496608 -0.038920
-0.112165 -1.498610 -0.038922
EOP
