-3.898316 1.011684 -1.616155
-3.900672 0.959777 -1.616155
-3.903028 0.907870 -1.616155
-3.905384 0.855963 -1.616150
-3.907740 0.804056 -1.616155
-3.910096 0.752149 -1.616155
-3.912452 0.700242 -1.616155
-3.914808 0.648334 -1.616155
-3.917164 0.596427 -1.616146
-3.919520 0.544520 -1.616155
-3.921876 0.492613 -1.616155
-3.924232 0.440706 -1.616155
-3.926588 0.388799 -1.616155
-3.928944 0.336892 -1.616155
-3.931300 0.284984 -1.616155
-3.933656 0.233077 -1.616155
-3.936012 0.181170 -1.616150
-3.938368 0.129263 -1.616155
-3.940724 0.077356 -1.616155
-3.943080 0.025449 -1.616150
-3.945436 -0.026459 -1.616155
-3.947792 -0.078366 -1.616155
-3.950148 -0.130273 -1.616155
-3.952504 -0.182180 -1.616155
-3.954860 -0.234087 -1.616155
-3.957216 -0.285994 -1.616155
-3.959572 -0.337901 -1.616155
-3.961928 -0.389809 -1.616146
-3.964284 -0.441716 -1.616155
-3.966640 -0.493623 -1.616155
-3.968996 -0.545530 -1.616155
-3.971352 -0.597437 -1.616155
-3.973708 -0.649344 -1.616155
-3.976064 -0.701251 -1.616150
-3.978420 -0.753159 -1.616155
-3.980776 -0.805066 -1.616155
-3.983132 -0.856973 -1.616155
-3.985488 -0.908880 -1.616155
-3.987844 -0.960787 -1.616150
-3.990200 -1.012694 -1.616155
-3.992556 -1.064602 -1.616155
-3.994912 -1.116509 -1.616155
-3.997268 -1.168416 -1.616150
-3.999624 -1.220323 -1.616160
-4.001980 -1.272230 -1.616155
-4.004336 -1.324137 -1.616146
-4.006692 -1.376045 -1.616155
-4.009048 -1.427952 -1.616155
-4.011404 -1.479859 -1.616155
-4.013760 -1.531766 -0.019761
-3.963178 -1.532766 -0.019761
-3.912596 -1.533765 -0.019761
-3.862015 -1.534765 -0.019764
-3.811433 -1.535765 -0.019759
-3.760851 -1.536764 -0.019764
-3.710269 -1.537764 -0.019761
-3.659687 -1.538764 -0.019761
-3.609105 -1.539764 -0.019761
-3.558524 -1.540763 -0.019761
-3.507941 -1.541763 -0.019761
-3.457360 -1.542763 -0.019761
-3.406778 -1.543762 -0.019761
-3.356196 -1.544762 -0.019761
-3.305614 -1.545762 -0.019764
-3.255033 -1.546762 -0.019759
-3.204451 -1.547761 -0.019764
-3.153869 -1.548761 -0.019761
-3.103287 -1.549761 -0.019761
-3.052705 -1.550760 -0.019761
-3.002124 -1.551760 -0.019761
-2.951542 -1.552760 -0.019761
-2.900960 -1.553759 -0.019761
-2.850378 -1.554759 -0.019764
-2.799796 -1.555759 -0.019759
-2.749214 -1.556758 -0.019764
-2.698632 -1.557758 -0.019759
-2.648051 -1.558758 -0.019764
-2.597469 -1.559758 -0.019761
-2.546887 -1.560757 -0.019761
-2.496305 -1.561757 -0.019761
-2.445723 -1.562757 -0.019761
-2.395142 -1.563756 -0.019761
-2.344559 -1.564756 -0.019761
-2.293978 -1.565756 -0.019764
-2.243396 -1.566756 -0.019761
-2.192814 -1.567755 -0.019761
-2.142232 -1.568755 -0.019761
-2.091650 -1.569755 -0.019761
-2.041069 -1.570754 -0.019761
-1.990487 -1.571754 -0.019761
-1.939905 -1.572754 -0.019764
-1.889323 -1.573753 -0.019759
-1.838741 -1.574753 -0.019761
-1.788159 -1.575753 -0.019761
-1.737578 -1.576752 -0.019761
-1.686996 -1.577752 -0.019766
-1.636414 -1.578752 -0.019759
-1.585832 -1.579752 -0.019761
-1.535250 -1.580751 -0.019761
-1.484668 -1.581751 -0.019764
-1.434086 -1.582751 -0.019761
-1.383505 -1.583750 -0.019761
-1.332923 -1.584750 -0.019761
-1.282341 -1.585750 -0.019761
-1.231759 -1.586750 -0.019761
-1.181177 -1.587749 -0.019761
-1.130596 -1.588749 -0.019761
-1.080014 -1.589749 -0.019764
-1.029432 -1.590748 -0.019759
-0.978850 -1.591748 -0.019761
-0.928268 -1.592748 -0.019761
-0.877686 -1.593747 -0.019764
-0.827105 -1.594747 -0.019761
-0.776523 -1.595747 -0.019761
-0.725941 -1.596747 -0.019761
-0.675359 -1.597746 -0.019763
-0.624777 -1.598746 -0.019759
-0.574195 -1.599746 -0.019764
-0.523614 -1.600745 -0.019761
-0.473032 -1.601745 -0.019761
-0.422450 -1.602745 -0.019761
-0.371868 -1.603745 -0.019761
-0.321286 -1.604744 -0.019761
-0.270704 -1.605744 -0.019761
-0.220123 -1.606744 -0.019761
-0.169541 -1.607743 -0.019761
-0.118959 -1.608743 -0.019761
-0.068377 -1.609743 -0.019761
-0.017795 -1.610742 -0.019764
0.032786 -1.611742 -0.019759
0.083368 -1.612742 -0.019763
0.133950 -1.613742 -0.019764
0.184532 -1.614741 -0.019757
0.235114 -1.615741 -0.019766
0.285696 -1.616741 -0.019757
0.336277 -1.617740 -0.019766
0.386860 -1.618740 -0.019761
0.437441 -1.619740 -0.019759
0.488023 -1.620739 -0.019763
0.538605 -1.621739 -0.019761
0.589187 -1.622739 -0.019759
0.639768 -1.623738 -0.019763
0.690351 -1.624738 -0.019761
0.740932 -1.625738 -0.019761
0.791514 -1.626738 -0.019761
0.842096 -1.627737 -0.019764
0.892678 -1.628737 -0.019759
0.943259 -1.629737 -0.019763
0.993842 -1.630736 -0.019761
1.044423 -1.631736 -0.019759
1.095005 -1.632736 -0.019763
1.145587 -1.633736 -0.019761
1.196169 -1.634735 -0.019761
1.246751 -1.635735 -0.019761
1.297333 -1.636735 -0.019764
1.347914 -1.637734 -0.019759
1.398496 -1.638734 -0.019764
1.449078 -1.639734 -0.019761
1.499660 -1.640733 -0.019761
1.550242 -1.641733 -0.019761
1.600824 -1.642733 -0.019761
1.651405 -1.643733 -0.019761
1.701987 -1.644732 -0.019761
1.752569 -1.645732 -0.019764
1.803151 -1.646732 -0.019759
1.853733 -1.647731 -0.019764
1.904315 -1.648731 -0.019761
1.954896 -1.649731 -0.019761
2.005478 -1.650730 -0.019761
2.056060 -1.651730 -0.019761
2.106642 -1.652730 -0.019761
2.157224 -1.653730 -0.019761
2.207806 -1.654729 -0.019761
2.258388 -1.655729 -0.019761
2.308969 -1.656729 -0.019764
2.359551 -1.657728 -0.019759
2.410133 -1.658728 -0.019764
2.460715 -1.659728 -0.019761
2.511296 -1.660728 -0.019761
2.561878 -1.661727 -0.019761
2.612460 -1.662727 1.432218
2.619591 -1.611601 1.432223
2.626721 -1.560475 1.432218
2.633852 -1.509349 1.432223
2.640982 -1.458223 1.432218
2.648113 -1.407098 1.432223
2.655243 -1.355972 1.432218
2.662374 -1.304846 1.432223
2.669504 -1.253720 1.432218
2.676635 -1.202594 1.432223
2.683765 -1.151468 1.432218
2.690896 -1.100343 1.432223
2.698026 -1.049217 1.432219
2.705157 -0.998091 1.432218
2.712287 -0.946965 1.432228
2.719418 -0.895839 1.432218
2.726548 -0.844713 1.432218
2.733679 -0.793587 1.432218
2.740809 -0.742462 1.432228
2.747940 -0.691336 1.432213
2.755070 -0.640210 1.432223
2.762201 -0.589084 1.432218
2.769331 -0.537958 1.432228
2.776462 -0.486832 1.432214
2.783592 -0.435707 1.432223
2.790723 -0.384581 1.432218
2.797853 -0.333455 1.432223
2.804984 -0.282329 1.432223
2.812114 -0.231203 1.432218
2.819245 -0.180077 1.432218
2.826375 -0.128951 1.432223
2.833506 -0.077826 1.432218
2.840636 -0.026700 1.432223
2.847767 0.024426 1.432218
2.854897 0.075552 1.432218
2.862028 0.126678 1.432223
2.869159 0.177804 1.432218
2.876289 0.228929 1.432223
2.883420 0.280055 1.432218
2.890550 0.331181 1.432223
2.897681 0.382307 1.432218
2.904811 0.433433 1.432223
2.911942 0.484559 1.432218
2.919072 0.535684 1.432223
2.926203 0.586810 1.432218
2.933333 0.637936 1.432223
2.940464 0.689062 1.432218
2.947594 0.740188 1.432223
2.954725 0.791314 1.432218
2.961855 0.842439 1.432223
2.968986 0.893565 1.432218
2.976116 0.944691 3.131848
2.925569 0.945184 3.131847
2.875021 0.945676 3.131848
2.824474 0.946169 3.131848
2.773927 0.946662 3.131847
2.723380 0.947154 3.131847
2.672832 0.947647 3.131848
2.622285 0.948139 3.131848
2.571738 0.948632 3.131847
2.521191 0.949125 3.131848
2.470643 0.949617 3.131848
2.420096 0.950110 3.131847
2.369549 0.950602 3.131847
2.319001 0.951095 3.131848
2.268454 0.951588 3.131848
2.217907 0.952080 3.131847
2.167359 0.952573 3.131848
2.116812 0.953065 3.131847
2.066265 0.953558 3.131848
2.015718 0.954051 3.131848
1.965170 0.954543 3.131848
1.914623 0.955036 3.131848
1.864075 0.955528 3.131846
1.813528 0.956021 3.131848
1.762981 0.956514 3.131848
1.712434 0.957006 3.131847
1.661887 0.957499 3.131848
1.611339 0.957991 3.131848
1.560792 0.958484 3.131847
1.510245 0.958977 3.131847
1.459697 0.959469 3.131848
1.409150 0.959962 3.131847
1.358603 0.960454 3.131848
1.308055 0.960947 3.131848
1.257508 0.961439 3.131848
1.206961 0.961932 3.131847
1.156413 0.962425 3.131849
1.105866 0.962917 3.131847
1.055319 0.963410 3.131847
1.004771 0.963902 3.131848
0.954224 0.964395 3.131847
0.903677 0.964888 3.131847
0.853130 0.965380 3.131848
0.802583 0.965873 3.131848
0.752035 0.966365 3.131847
0.701488 0.966858 3.131847
0.650941 0.967351 3.131848
0.600393 0.967843 3.131848
0.549846 0.968336 3.131848
0.499299 0.968828 3.131848
0.448751 0.969321 3.131847
0.398204 0.969814 3.131847
0.347657 0.970306 3.131848
0.297109 0.970799 3.131848
0.246562 0.971291 3.131848
0.196015 0.971784 3.131848
0.145468 0.972277 3.131847
0.094920 0.972769 3.131847
0.044373 0.973262 3.131848
-0.006174 0.973754 3.131848
-0.056722 0.974247 3.131847
-0.107269 0.974740 3.131847
-0.157816 0.975232 3.131848
-0.208363 0.975725 3.131847
-0.258911 0.976217 3.131847
-0.309458 0.976710 3.131849
-0.360005 0.977203 3.131847
-0.410553 0.977695 3.131848
-0.461100 0.978188 3.131848
-0.511647 0.978680 3.131847
-0.562195 0.979173 3.131848
-0.612742 0.979666 3.131847
-0.663289 0.980158 3.131848
-0.713836 0.980651 3.131848
-0.764384 0.981143 3.131847
-0.814931 0.981636 3.131848
-0.865478 0.982129 3.131847
-0.916026 0.982621 3.131848
-0.966573 0.983114 3.131847
-1.017120 0.983606 3.131848
-1.067668 0.984099 3.131848
-1.118215 0.984592 3.131847
-1.168762 0.985084 3.131848
-1.219309 0.985577 3.131847
-1.269857 0.986069 3.131848
-1.320404 0.986562 3.131848
-1.370951 0.987055 3.131847
-1.421499 0.987547 3.131848
-1.472046 0.988040 3.131847
-1.522593 0.988532 3.131848
-1.573140 0.989025 3.131848
-1.623688 0.989518 3.131847
-1.674235 0.990010 3.131848
-1.724782 0.990503 3.131847
-1.775330 0.990995 3.131848
-1.825877 0.991488 3.131847
-1.876424 0.991981 3.131848
-1.926972 0.992473 3.131848
-1.977519 0.992966 3.131847
-2.028066 0.993458 3.131848
-2.078613 0.993951 3.131847
-2.129161 0.994444 3.131848
-2.179708 0.994936 3.131848
-2.230255 0.995429 3.131847
-2.280803 0.995921 3.131848
-2.331350 0.996414 3.131847
-2.381897 0.996907 3.131848
-2.432444 0.997399 3.131848
-2.482992 0.997892 3.131847
-2.533539 0.998384 3.131848
-2.584086 0.998877 3.131847
-2.634634 0.999370 3.131848
-2.685181 0.999862 3.131846
-2.735728 1.000355 3.131848
-2.786276 1.000847 3.131848
-2.836823 1.001340 3.131848
-2.887370 1.001832 3.131848
-2.937917 1.002325 3.131848
-2.988465 1.002818 3.131848
-3.039012 1.003310 3.131848
-3.089560 1.003803 3.131846
-3.140107 1.004295 3.131848
-3.190654 1.004788 3.131846
-3.241202 1.005281 3.131848
-3.291749 1.005773 3.131848
-3.342296 1.006266 3.131848
-3.392843 1.006758 3.131848
-3.443391 1.007251 3.131848
-3.493938 1.007744 3.131848
-3.544485 1.008236 3.131846
-3.595032 1.008729 3.131848
-3.645580 1.009221 3.131848
-3.696127 1.009714 3.131848
-3.746674 1.010207 3.131848
-3.797221 1.010699 3.131848
-3.847769 1.011192 3.131846
EOP
-3.659218 0.809716 -0.019762
-3.607757 0.808699 -0.019761
-3.556297 0.807682 -0.019762
-3.504836 0.806664 -0.019761
-3.453376 0.805647 -0.019762
-3.401915 0.804630 -0.019761
-3.350455 0.803613 -0.019762
-3.298994 0.802596 -0.019761
-3.247534 0.801579 -0.019762
-3.196073 0.800562 -0.019762
-3.144612 0.799545 -0.019761
-3.093152 0.798528 -0.019761
-3.041691 0.797511 -0.019762
-2.990231 0.796494 -0.019762
-2.938770 0.795477 -0.019761
-2.887310 0.794460 -0.019761
-2.835849 0.793443 -0.019762
-2.784389 0.792426 -0.019762
-2.732928 0.791408 -0.019762
-2.681468 0.790391 -0.019762
-2.630007 0.789374 -0.019760
-2.578547 0.788357 -0.019762
-2.527086 0.787340 -0.019762
-2.475626 0.786323 -0.019762
-2.424165 0.785306 -0.019761
-2.372704 0.784289 -0.019762
-2.321244 0.783272 -0.019761
-2.269783 0.782255 -0.019762
-2.218323 0.781238 -0.019761
-2.166862 0.780221 -0.019761
-2.115402 0.779204 -0.019762
-2.063941 0.778187 -0.019762
-2.012480 0.777169 -0.019761
-1.961020 0.776152 -0.019762
-1.909559 0.775135 -0.105410
-1.829503 0.766665 -0.302133
-1.764267 0.746333 -0.532904
-1.713804 0.716568 -0.799570
-1.678064 0.679802 -1.099581
-1.657003 0.638463 -1.423889
-1.650569 0.594982 -1.757222
-1.658715 0.551790 -2.081540
-1.681395 0.511316 -2.381544
-1.718558 0.475990 -2.648211
-1.770158 0.448243 -2.878983
-1.836147 0.430504 -3.075706
-1.916476 0.425204 3.121831
-1.970311 0.426268 3.121831
-2.024147 0.427332 3.121832
-2.077982 0.428396 3.121831
-2.131818 0.429460 3.121831
-2.185654 0.430524 3.121831
-2.239489 0.431588 3.121831
-2.293325 0.432652 3.121831
-2.347161 0.433716 3.121831
-2.400996 0.434780 3.121831
-2.454832 0.435844 3.121831
-2.508667 0.436908 3.121831
-2.562503 0.437972 3.121831
-2.616339 0.439036 3.121831
-2.670175 0.440100 3.121831
-2.724010 0.441164 3.121831
-2.777846 0.442228 3.121831
-2.831681 0.443292 3.121831
-2.885517 0.444356 3.121831
-2.939353 0.445420 3.121831
-2.993188 0.446484 3.121831
-3.047024 0.447548 3.121831
-3.100860 0.448612 3.121831
-3.154695 0.449676 3.121832
-3.208531 0.450740 3.121831
-3.262367 0.451804 3.121831
-3.316202 0.452868 -3.075706
-3.396531 0.447568 -2.878981
-3.462519 0.429829 -2.648213
-3.514119 0.402081 -2.381540
-3.551283 0.366756 -2.081550
-3.573962 0.326282 -1.757217
-3.582109 0.283089 -1.423900
-3.575675 0.239609 -1.099571
-3.554613 0.198270 -0.799571
-3.518874 0.161503 -0.532906
-3.468411 0.131739 -0.302132
-3.403175 0.111406 -0.105410
-3.323118 0.102936 -0.019761
-3.269282 0.101872 -0.019762
-3.215447 0.100808 -0.019761
-3.161611 0.099744 -0.019761
-3.107776 0.098680 -0.019761
-3.053940 0.097616 -0.019761
-3.000104 0.096552 -0.019761
-2.946269 0.095488 -0.019761
-2.892433 0.094424 -0.019762
-2.838597 0.093360 -0.019762
-2.784762 0.092296 -0.019761
-2.730926 0.091232 -0.019762
-2.677091 0.090168 -0.019761
-2.623255 0.089104 -0.019762
-2.569419 0.088040 -0.019761
-2.515584 0.086976 -0.019762
-2.461748 0.085912 -0.019761
-2.407912 0.084848 -0.019762
-2.354077 0.083784 -0.019761
-2.300241 0.082720 -0.019761
-2.246405 0.081656 -0.019761
-2.192570 0.080592 -0.019761
-2.138734 0.079528 -0.019761
-2.084898 0.078464 -0.019761
-2.031063 0.077400 -0.019761
-1.977227 0.076336 -0.019761
-1.923392 0.075272 -0.105410
-1.843335 0.066802 -0.302132
-1.778099 0.046469 -0.532905
-1.727636 0.016705 -0.799571
-1.691897 -0.020062 -1.099578
-1.670835 -0.061400 -1.423892
-1.664401 -0.104881 -1.757222
-1.672548 -0.148073 -2.081544
-1.695227 -0.188547 -2.381541
-1.732390 -0.223873 -2.648212
-1.783991 -0.251621 -2.878983
-1.849979 -0.269359 -3.075706
-1.930308 -0.274660 3.121831
-1.984143 -0.273596 3.121831
-2.037979 -0.272532 3.121831
-2.091815 -0.271468 3.121831
-2.145650 -0.270404 3.121831
-2.199486 -0.269340 3.121832
-2.253322 -0.268276 3.121831
-2.307157 -0.267212 3.121831
-2.360993 -0.266148 3.121831
-2.414828 -0.265084 3.121831
-2.468664 -0.264020 3.121831
-2.522500 -0.262956 3.121831
-2.576335 -0.261892 3.121831
-2.630171 -0.260828 3.121831
-2.684007 -0.259764 3.121831
-2.737842 -0.258700 3.121831
-2.791678 -0.257636 3.121831
-2.845513 -0.256572 3.121831
-2.899349 -0.255507 3.121831
-2.953185 -0.254443 3.121831
-3.007020 -0.253379 3.121831
-3.060856 -0.252315 3.121831
-3.114692 -0.251251 3.121831
-3.168527 -0.250187 3.121831
-3.222363 -0.249123 3.121831
-3.276199 -0.248059 3.121831
-3.330034 -0.246995 -3.075706
-3.410364 -0.252296 -2.878980
-3.476351 -0.270035 -2.648216
-3.527952 -0.297782 -2.381534
-3.565115 -0.333108 -2.081558
-3.587795 -0.373582 -1.757211
-3.595941 -0.416774 -1.423894
-3.589507 -0.460255 -1.099576
-3.568445 -0.501593 -0.799571
-3.532706 -0.538360 -0.532905
-3.482243 -0.568125 -0.302131
-3.417007 -0.588457 -0.105410
-3.336950 -0.596927 -0.019761
-3.283115 -0.597991 -0.019762
-3.229279 -0.599055 -0.019760
-3.175443 -0.600119 -0.019761
-3.121608 -0.601183 -0.019761
-3.067772 -0.602247 -0.019762
-3.013937 -0.603311 -0.019761
-2.960101 -0.604375 -0.019761
-2.906265 -0.605439 -0.019761
-2.852430 -0.606503 -0.019761
-2.798594 -0.607567 -0.019762
-2.744758 -0.608631 -0.019761
-2.690923 -0.609695 -0.019761
-2.637087 -0.610759 -0.019760
-2.583251 -0.611823 -0.019762
-2.529416 -0.612887 -0.019761
-2.475580 -0.613951 -0.019761
-2.421744 -0.615015 -0.019761
-2.367909 -0.616079 -0.019761
-2.314073 -0.617143 -0.019761
-2.260238 -0.618207 -0.019761
-2.206402 -0.619271 -0.019763
-2.152566 -0.620335 -0.019760
-2.098731 -0.621399 -0.019762
-2.044895 -0.622463 -0.019761
-1.991059 -0.623527 -0.019761
-1.937224 -0.624591 -0.105411
-1.857167 -0.633062 -0.302129
-1.791931 -0.653394 -0.532905
-1.741468 -0.683158 -0.799571
-1.705729 -0.719925 -1.099581
-1.684667 -0.761264 -1.423889
-1.678233 -0.804744 -1.757222
-1.686380 -0.847937 -2.081545
-1.709059 -0.888411 -2.381542
-1.746223 -0.923736 -2.648211
-1.797823 -0.951484 -2.878982
-1.863811 -0.969223 -3.075706
-1.944140 -0.974523 3.121831
-1.997975 -0.973459 3.121830
-2.051811 -0.972395 3.121831
-2.105647 -0.971331 3.121833
-2.159482 -0.970267 3.121831
-2.213318 -0.969203 3.121830
-2.267154 -0.968139 3.121831
-2.320989 -0.967075 3.121831
-2.374825 -0.966011 3.121832
-2.428661 -0.964947 3.121829
-2.482496 -0.963883 3.121831
-2.536332 -0.962819 3.121832
-2.590168 -0.961755 3.121830
-2.644003 -0.960691 3.121831
-2.697839 -0.959627 3.121831
-2.751675 -0.958563 3.121830
-2.805510 -0.957499 3.121832
-2.859346 -0.956435 3.121831
-2.913181 -0.955371 3.121831
-2.967017 -0.954307 3.121830
-3.020853 -0.953243 3.121831
-3.074688 -0.952179 3.121831
-3.128524 -0.951115 3.121832
-3.182360 -0.950051 3.121830
-3.236195 -0.948987 3.121831
-3.290031 -0.947923 3.121831
-3.343867 -0.946859 -3.075705
-3.424196 -0.952159 -2.878982
-3.490184 -0.969898 -2.648211
-3.541784 -0.997645 -2.381542
-3.578947 -1.032971 -2.081547
-3.601627 -1.073445 -1.757218
-3.609773 -1.116637 -1.423900
-3.603340 -1.160118 -1.099573
-3.582277 -1.201457 -0.799570
-3.546538 -1.238223 -0.532905
-3.496075 -1.267988 -0.302133
-3.430839 -1.288320 -0.105410
-3.350783 -1.296790 -0.019762
-3.299322 -1.297808 -0.019762
-3.247861 -1.298825 -0.019760
-3.196401 -1.299842 -0.019762
-3.144941 -1.300859 -0.019762
-3.093480 -1.301876 -0.019762
-3.042019 -1.302893 -0.019762
-2.990559 -1.303910 -0.019760
-2.939098 -1.304927 -0.019762
-2.887638 -1.305944 -0.019760
-2.836177 -1.306961 -0.019762
-2.784717 -1.307978 -0.019764
-2.733256 -1.308995 -0.019760
-2.681796 -1.310012 -0.019760
-2.630335 -1.311029 -0.019764
-2.578875 -1.312047 -0.019762
-2.527414 -1.313064 -0.019760
-2.475953 -1.314081 -0.019760
-2.424493 -1.315098 -0.019762
-2.373032 -1.316115 -0.019762
-2.321572 -1.317132 -0.019762
-2.270111 -1.318149 -0.019762
-2.218651 -1.319166 -0.019762
-2.167190 -1.320183 -0.019762
-2.115730 -1.321200 -0.019760
-2.064269 -1.322217 -0.019762
-2.012809 -1.323234 -0.019760
-1.961348 -1.324251 -0.019762
-1.909887 -1.325268 -0.019762
-1.858427 -1.326285 -0.019762
-1.806966 -1.327302 -0.019760
-1.755506 -1.328319 -0.019762
-1.704045 -1.329337 -0.019762
-1.652585 -1.330354 -0.019762
EOP
-0.551329 -1.352119 -0.019762
-0.499487 -1.353144 -0.019764
-0.447646 -1.354168 -0.019759
-0.395804 -1.355193 -0.019759
-0.343962 -1.356217 -0.019764
-0.292121 -1.357242 -0.019761
-0.240279 -1.358267 -0.019762
-0.188437 -1.359291 -0.019761
-0.136595 -1.360316 -0.019759
-0.084754 -1.361340 -0.019764
-0.032912 -1.362365 -0.019762
0.018930 -1.363390 -0.019762
0.070772 -1.364414 -0.019762
0.122613 -1.365439 -0.019762
0.174455 -1.366463 -0.019761
0.226297 -1.367488 -0.019762
0.278138 -1.368513 -0.019762
0.329980 -1.369537 -0.019761
0.381822 -1.370562 -0.019762
0.433664 -1.371586 -0.019761
0.485505 -1.372611 -0.019759
0.537347 -1.373636 -0.019764
0.589189 -1.374660 -0.019759
0.641031 -1.375685 -0.019764
0.692872 -1.376709 -0.019759
0.744714 -1.377734 -0.019764
0.796556 -1.378759 -0.019759
0.848397 -1.379783 -0.019764
0.900239 -1.380808 -0.019759
0.952081 -1.381832 -0.019764
1.003923 -1.382857 -0.019759
1.055764 -1.383882 -0.019764
1.107606 -1.384906 -0.019759
1.159448 -1.385931 -0.019764
1.211290 -1.386955 -0.019759
1.263131 -1.387980 -0.019764
1.314973 -1.389005 -0.019759
1.366815 -1.390029 -0.019764
1.418656 -1.391054 -0.019762
1.470498 -1.392079 -0.019762
1.522340 -1.393103 -0.019759
1.574182 -1.394128 -0.019762
1.626023 -1.395152 -0.019762
1.677865 -1.396177 -0.019762
1.729707 -1.397201 -0.019762
1.781549 -1.398226 -0.019764
1.833390 -1.399251 -0.019759
1.885232 -1.400275 -0.019762
1.937074 -1.401300 -0.019762
1.988915 -1.402324 -0.019762
2.040757 -1.403349 -0.019762
2.092599 -1.404374 -0.019764
2.144441 -1.405398 -0.019759
2.196282 -1.406423 -0.019762
2.248124 -1.407447 0.065885
2.328453 -1.402147 0.262614
2.394441 -1.384408 0.493380
2.446041 -1.356661 0.760052
2.483205 -1.321335 1.060042
2.505884 -1.280861 1.384376
2.514031 -1.237669 1.717698
2.507597 -1.194188 2.042017
2.486535 -1.152850 2.342021
2.450796 -1.116083 2.608689
2.400333 -1.086318 2.839461
2.335097 -1.065986 3.036182
2.255040 -1.057516 3.121833
2.202923 -1.056486 3.121830
2.150805 -1.055456 3.121831
2.098688 -1.054426 3.121830
2.046570 -1.053396 3.121833
1.994453 -1.052366 3.121831
1.942335 -1.051336 3.121831
1.890218 -1.050305 3.121831
1.838100 -1.049275 3.121833
1.785983 -1.048245 3.121831
1.733865 -1.047215 3.121831
1.681748 -1.046185 3.121833
1.629630 -1.045155 3.121831
1.577513 -1.044125 3.121831
1.525395 -1.043095 3.121833
1.473278 -1.042065 3.121831
1.421161 -1.041035 3.121831
1.369043 -1.040005 3.121831
1.316925 -1.038975 3.121831
1.264808 -1.037945 3.121833
1.212690 -1.036915 3.121830
1.160573 -1.035885 3.121831
1.108456 -1.034855 3.121833
1.056338 -1.033825 3.121833
1.004221 -1.032795 3.121828
0.952103 -1.031765 3.121833
0.899986 -1.030735 3.121831
0.847868 -1.029704 3.121830
0.795751 -1.028674 3.121833
0.743633 -1.027644 3.121831
0.691516 -1.026614 3.121830
0.639398 -1.025584 3.121831
0.587281 -1.024554 3.121833
0.535163 -1.023524 3.121830
0.483046 -1.022494 3.121833
0.430928 -1.021464 3.121831
0.378811 -1.020434 3.121831
0.326693 -1.019404 3.121831
0.274576 -1.018374 3.121831
0.222458 -1.017344 3.121833
0.170341 -1.016314 3.121831
0.118223 -1.015284 3.121831
0.066106 -1.014254 3.121833
0.013988 -1.013224 3.121831
-0.038129 -1.012194 3.121831
-0.090247 -1.011163 3.121831
-0.142364 -1.010133 3.121833
-0.194481 -1.009103 3.036184
-0.274538 -1.000633 2.839455
-0.339774 -0.980301 2.608691
-0.390237 -0.950536 2.342018
-0.425976 -0.913770 2.042022
-0.447038 -0.872431 1.717698
-0.453472 -0.828950 1.384371
-0.445325 -0.785758 1.060050
-0.422646 -0.745284 0.760050
-0.385483 -0.709958 0.493381
-0.333883 -0.682211 0.262611
-0.267894 -0.664472 0.065887
-0.187565 -0.659172 -0.019762
-0.135448 -0.660202 -0.019761
-0.083330 -0.661232 -0.019761
-0.031213 -0.662262 -0.019762
0.020905 -0.663292 -0.019761
0.073022 -0.664322 -0.019762
0.125139 -0.665352 -0.019761
0.177257 -0.666382 -0.019761
0.229374 -0.667412 -0.019762
0.281492 -0.668442 -0.019762
0.333609 -0.669472 -0.019761
0.385727 -0.670502 -0.019761
0.437844 -0.671532 -0.019762
0.489962 -0.672562 -0.019761
0.542079 -0.673592 -0.019762
0.594197 -0.674623 -0.019761
0.646314 -0.675653 -0.019761
0.698432 -0.676683 -0.019762
0.750549 -0.677713 -0.019760
0.802667 -0.678743 -0.019762
0.854784 -0.679773 -0.019762
0.906902 -0.680803 -0.019761
0.959019 -0.681833 -0.019761
1.011137 -0.682863 -0.019762
1.063254 -0.683893 -0.019761
1.115372 -0.684923 -0.019761
1.167489 -0.685953 -0.019762
1.219607 -0.686983 -0.019762
1.271724 -0.688013 -0.019760
1.323841 -0.689043 -0.019762
1.375959 -0.690073 -0.019762
1.428077 -0.691103 -0.019761
1.480194 -0.692133 -0.019761
1.532311 -0.693163 -0.019762
1.584429 -0.694193 -0.019761
1.636546 -0.695224 -0.019762
1.688664 -0.696254 -0.019761
1.740781 -0.697284 -0.019761
1.792899 -0.698314 -0.019762
1.845016 -0.699344 -0.019761
1.897134 -0.700374 -0.019762
1.949251 -0.701404 -0.019761
2.001369 -0.702434 -0.019761
2.053486 -0.703464 -0.019762
2.105604 -0.704494 -0.019762
2.157721 -0.705524 -0.019760
2.209839 -0.706554 -0.019762
2.261956 -0.707584 0.065887
2.342285 -0.702284 0.262611
2.408273 -0.684545 0.493380
2.459873 -0.656798 0.760055
2.497037 -0.621472 1.060038
2.519717 -0.580998 1.384376
2.527863 -0.537805 1.717698
2.521429 -0.494325 2.042017
2.500367 -0.452986 2.342021
2.464628 -0.416220 2.608687
2.414165 -0.386455 2.839460
2.348929 -0.366123 3.036183
2.268872 -0.357652 3.121831
2.216755 -0.356622 3.121832
2.164637 -0.355592 3.121831
2.112520 -0.354562 3.121831
2.060402 -0.353532 3.121831
2.008285 -0.352502 3.121831
1.956167 -0.351472 3.121831
1.904050 -0.350442 3.121831
1.851932 -0.349412 3.121832
1.799815 -0.348382 3.121831
1.747697 -0.347352 3.121831
1.695580 -0.346322 3.121832
1.643463 -0.345292 3.121831
1.591345 -0.344262 3.121831
1.539228 -0.343232 3.121832
1.487110 -0.342202 3.121831
1.434993 -0.341172 3.121831
1.382875 -0.340142 3.121831
1.330757 -0.339112 3.121831
1.278640 -0.338081 3.121832
1.226523 -0.337051 3.121831
1.174405 -0.336021 3.121832
1.122288 -0.334991 3.121831
1.070170 -0.333961 3.121831
1.018053 -0.332931 3.121832
0.965935 -0.331901 3.121830
0.913818 -0.330871 3.121832
0.861700 -0.329841 3.121831
0.809583 -0.328811 3.121831
0.757465 -0.327781 3.121831
0.705348 -0.326751 3.121831
0.653230 -0.325721 3.121832
0.601113 -0.324691 3.121830
0.548995 -0.323661 3.121832
0.496878 -0.322631 3.121831
0.444760 -0.321601 3.121831
0.392643 -0.320571 3.121832
0.340525 -0.319541 3.121831
0.288408 -0.318510 3.121832
0.236290 -0.317480 3.121831
0.184173 -0.316450 3.121831
0.132056 -0.315420 3.121832
0.079938 -0.314390 3.121831
0.027821 -0.313360 3.121831
-0.024297 -0.312330 3.121831
-0.076414 -0.311300 3.121832
-0.128532 -0.310270 3.121831
-0.180649 -0.309240 3.036183
-0.260706 -0.300770 2.839459
-0.325942 -0.280437 2.608689
-0.376405 -0.250673 2.342018
-0.412144 -0.213906 2.042021
-0.433206 -0.172568 1.717698
-0.439640 -0.129087 1.384371
-0.431493 -0.085895 1.060051
-0.408814 -0.045421 0.760050
-0.371650 -0.010095 0.493381
-0.320050 0.017652 0.262610
-0.254062 0.035391 0.065887
-0.173733 0.040692 -0.019762
-0.121616 0.039662 -0.019761
-0.069498 0.038632 -0.019762
-0.017381 0.037601 -0.019762
0.034737 0.036571 -0.019761
0.086854 0.035541 -0.019762
0.138972 0.034511 -0.019762
0.191089 0.033481 -0.019761
0.243207 0.032451 -0.019761
0.295324 0.031421 -0.019761
0.347442 0.030391 -0.019761
0.399559 0.029361 -0.019761
0.451676 0.028331 -0.019761
0.503794 0.027301 -0.019762
0.555911 0.026271 -0.019761
0.608029 0.025241 -0.019761
0.660146 0.024211 -0.019762
0.712264 0.023181 -0.019761
0.764381 0.022151 -0.019761
0.816499 0.021121 -0.019761
0.868616 0.020091 -0.019761
0.920734 0.019061 -0.019761
0.972851 0.018030 -0.019761
1.024969 0.017000 -0.019762
1.077086 0.015970 -0.019761
1.129204 0.014940 -0.019761
1.181321 0.013910 -0.019761
1.233439 0.012880 -0.019761
1.285556 0.011850 -0.019761
1.337674 0.010820 -0.019761
1.389791 0.009790 -0.019761
1.441909 0.008760 -0.019761
1.494026 0.007730 -0.019761
1.546144 0.006700 -0.019761
1.598261 0.005670 -0.019761
1.650378 0.004640 -0.019761
1.702496 0.003610 -0.019761
1.754614 0.002580 -0.019761
1.806731 0.001550 -0.019761
1.858848 0.000520 -0.019761
1.910966 -0.000510 -0.019761
1.963083 -0.001541 -0.019761
2.015201 -0.002571 -0.019762
2.067318 -0.003601 -0.019761
2.119436 -0.004631 -0.019762
2.171553 -0.005661 -0.019761
2.223671 -0.006691 -0.019762
2.275788 -0.007721 0.065887
2.356117 -0.002421 0.262611
2.422105 0.015318 0.493380
2.473706 0.043066 0.760052
2.510869 0.078391 1.060043
2.533549 0.118866 1.384376
2.541695 0.162058 1.717698
2.535261 0.205538 2.042017
2.514199 0.246877 2.342022
2.478460 0.283644 2.608687
2.427997 0.313408 2.839460
2.362761 0.333741 3.036183
2.282704 0.342211 3.121832
2.230587 0.343241 3.121830
2.178469 0.344271 3.121832
2.126352 0.345301 3.121830
2.074234 0.346331 3.121832
2.022117 0.347361 3.121831
1.970000 0.348391 3.121831
1.917882 0.349421 3.121831
1.865764 0.350451 3.121831
1.813647 0.351481 3.121831
1.761530 0.352511 3.121832
1.709412 0.353541 3.121831
1.657295 0.354571 3.121831
1.605177 0.355602 3.121831
1.553060 0.356632 3.121831
1.500942 0.357662 3.121831
1.448825 0.358692 3.121832
1.396707 0.359722 3.121831
1.344590 0.360752 3.121831
1.292472 0.361782 3.121831
1.240355 0.362812 3.121831
1.188237 0.363842 3.121832
1.136120 0.364872 3.121831
1.084002 0.365902 3.121832
1.031885 0.366932 3.121832
0.979767 0.367962 3.121831
0.927650 0.368992 3.121832
0.875532 0.370022 3.121831
0.823415 0.371052 3.121831
0.771297 0.372082 3.121831
0.719180 0.373112 3.121831
0.667063 0.374142 3.121832
0.614945 0.375172 3.121831
0.562828 0.376203 3.121831
0.510710 0.377233 3.121831
0.458593 0.378263 3.121831
0.406475 0.379293 3.121831
0.354358 0.380323 3.121831
0.302240 0.381353 3.121832
0.250123 0.382383 3.121831
0.198005 0.383413 3.121832
0.145888 0.384443 3.121831
0.093770 0.385473 3.121831
0.041653 0.386503 3.121831
-0.010465 0.387533 3.121832
-0.062582 0.388563 3.121830
-0.114700 0.389593 3.121832
-0.166817 0.390623 3.036182
-0.246874 0.399093 2.839460
-0.312110 0.419426 2.608688
-0.362573 0.449190 2.342019
-0.398312 0.485957 2.042021
-0.419374 0.527296 1.717697
-0.425808 0.570776 1.384371
-0.417661 0.613969 1.060051
-0.394982 0.654443 0.760050
-0.357818 0.689768 0.493382
-0.306218 0.717516 0.262609
-0.240230 0.735255 0.065888
-0.159901 0.740555 -0.019762
-0.108059 0.739530 -0.019762
-0.056218 0.738506 -0.019763
-0.004376 0.737481 -0.019760
0.047466 0.736457 -0.019762
0.099307 0.735432 -0.019760
0.151149 0.734407 -0.019763
0.202991 0.733383 -0.019761
0.254833 0.732358 -0.019762
0.306674 0.731334 -0.019762
0.358516 0.730309 -0.019762
0.410358 0.729284 -0.019761
0.462200 0.728260 -0.019762
0.514041 0.727235 -0.019762
0.565883 0.726211 -0.019762
0.617725 0.725186 -0.019762
0.669567 0.724161 -0.019760
0.721408 0.723137 -0.019763
0.773250 0.722112 -0.019760
0.825092 0.721088 -0.019763
0.876933 0.720063 -0.019760
0.928775 0.719038 -0.019763
0.980617 0.718014 -0.019761
1.032459 0.716989 -0.019760
1.084300 0.715965 -0.019763
1.136142 0.714940 -0.019760
1.187984 0.713915 -0.019762
1.239825 0.712891 -0.019762
1.291667 0.711866 -0.019762
1.343509 0.710842 -0.019762
1.395351 0.709817 -0.019762
1.447192 0.708792 -0.019762
1.499034 0.707768 -0.019762
1.550876 0.706743 -0.019762
1.602718 0.705719 -0.019762
1.654559 0.704694 -0.019761
1.706401 0.703669 -0.019762
1.758243 0.702645 -0.019762
1.810085 0.701620 -0.019762
1.861926 0.700595 -0.019763
1.913768 0.699571 -0.019760
1.965610 0.698546 -0.019762
2.017451 0.697522 -0.019762
2.069293 0.696497 -0.019763
2.121135 0.695472 -0.019760
2.172976 0.694448 -0.019761
2.224818 0.693423 -0.019762
2.276660 0.692399 -0.019762
2.328502 0.691374 -0.019762
2.380344 0.690349 -0.019762
2.432185 0.689325 -0.019762
2.484027 0.688300 -0.019761
2.535869 0.687276 -0.019762
2.587710 0.686251 -0.019762
EOP
