3.116874 0.655805 -1.506009
3.122467 0.575350 -1.474642
3.130822 0.498422 -1.451563
3.143640 0.402996 -1.433975
3.151397 0.336619 -1.458428
3.162845 0.237330 -1.456610
3.170745 0.184255 -1.449649
3.183131 0.084358 -1.448663
3.189904 0.033453 -1.448606
3.202293 -0.065806 -1.447678
3.207557 -0.116121 -1.446652
3.220038 -0.215358 -1.445805
3.226772 -0.266042 -1.446634
3.239231 -0.365354 -1.446189
3.231934 -0.315796 -1.446374
3.244482 -0.415037 -1.445764
3.257110 -0.514266 -1.445092
3.263772 -0.566413 -1.444331
3.276328 -0.664592 -1.443579
3.272063 -0.614275 -1.444617
3.284694 -0.713538 -1.444337
3.297340 -0.812777 -1.444087
3.302685 -0.862610 -1.443985
3.315434 -0.961823 -1.443498
3.320290 -1.012761 -1.442743
3.333088 -1.111988 -1.442245
3.324885 -1.061800 -1.442922
3.337669 -1.161034 -1.442787
3.349321 -1.254990 -1.437614
3.340481 -1.182054 -1.426238
3.348198 -1.233193 -1.407734
3.338277 -1.198848 -1.587150
3.333969 -1.206568 -1.812195
3.332508 -1.211262 -2.011509
3.323759 -1.218330 -2.280346
3.269186 -1.288863 -2.285780
3.217965 -1.347074 -2.309348
3.141932 -1.427481 -2.308358
3.074093 -1.501069 -2.311919
3.037924 -1.539583 -2.308077
2.970587 -1.613525 -2.309151
2.928202 -1.648204 -2.311553
2.860655 -1.722010 -2.311884
2.821450 -1.758255 -2.311662
2.753877 -1.832007 -2.312131
2.716682 -1.868069 -2.313183
2.649020 -1.941716 -2.313965
2.683421 -1.901476 -2.320427
2.633859 -1.954667 -2.336408
2.598069 -1.991795 -2.353555
2.658378 -1.937736 -2.344079
2.653564 -1.945382 -2.555302
2.673563 -1.936969 -2.890088
2.683031 -1.937010 3.131599
2.685749 -1.937976 -3.091685
2.685658 -1.938119 2.966357
2.685585 -1.938255 2.737776
2.686351 -1.937746 2.359694
2.668682 -1.927148 2.585797
2.593832 -1.861919 2.398673
2.501195 -1.779440 2.395803
2.429307 -1.709628 2.380392
2.380191 -1.669781 2.413633
2.305581 -1.603270 2.413348
2.260116 -1.570784 2.418385
2.185321 -1.504614 2.417150
2.145793 -1.471953 2.416753
2.070979 -1.405591 2.416393
2.032203 -1.371974 2.417264
1.957339 -1.305756 2.417052
1.917512 -1.272555 2.415404
1.842904 -1.206159 2.414277
1.805413 -1.172158 2.414065
1.730762 -1.105614 2.413841
1.692078 -1.072479 2.414813
1.617362 -1.006047 2.414688
1.579922 -0.972627 2.413272
1.505504 -0.906111 2.411821
1.543253 -0.939846 2.412170
1.468782 -0.873152 2.411579
1.394309 -0.806425 2.411290
1.432031 -0.841814 2.412199
1.357603 -0.775191 2.411804
1.283165 -0.708532 2.411255
1.320894 -0.741615 2.411331
1.247478 -0.675582 2.409741
1.173305 -0.608756 2.408292
1.210952 -0.643088 2.407960
1.136769 -0.576054 2.407054
1.062746 -0.508967 2.406064
1.101337 -0.543116 2.407859
1.027089 -0.476155 2.407815
0.952912 -0.409221 2.407288
0.915137 -0.375723 2.406038
0.841866 -0.309146 2.401729
0.895579 -0.355813 2.376407
0.854739 -0.314772 2.343383
0.883468 -0.358531 2.255081
0.885031 -0.360755 1.922653
0.886590 -0.379204 1.602728
0.884110 -0.376361 1.300387
0.880193 -0.358758 1.546122
0.900184 -0.307196 1.471892
0.906447 -0.247900 1.454017
0.916196 -0.167866 1.436477
0.925734 -0.065837 1.458661
0.937420 0.033625 1.456220
0.948326 0.091393 1.447508
0.960773 0.190671 1.446817
0.965843 0.244052 1.449878
0.978015 0.343326 1.449030
0.983245 0.393263 1.448923
0.995449 0.492583 1.448641
1.000087 0.544620 1.448969
1.011972 0.641899 1.446800
1.003903 0.572163 1.440250
1.011656 0.629977 1.430586
1.005418 0.580039 1.259231
1.005453 0.579932 1.039868
1.005560 0.579872 0.814855
0.980462 0.576337 0.493909
0.982518 0.580469 0.243111
0.993112 0.581369 0.474123
1.022520 0.583907 0.260656
1.084345 0.589393 0.176056
1.146353 0.600427 0.166136
1.272398 0.621348 0.163050
1.371283 0.637189 0.161215
1.434198 0.653010 0.170032
1.532781 0.670092 0.170754
1.584240 0.679571 0.174932
1.682764 0.696986 0.175114
1.732675 0.706062 0.175826
1.831141 0.723613 0.176450
1.881573 0.732655 0.176594
1.980056 0.750278 0.176945
2.029479 0.759940 0.177121
2.127964 0.777564 0.177234
2.177130 0.787238 0.177391
2.275566 0.804911 0.177711
2.326192 0.815133 0.176893
2.424658 0.832737 0.177029
2.375109 0.823790 0.176743
2.473572 0.841378 0.176744
2.572048 0.858946 0.176742
2.621652 0.866865 0.177202
2.720100 0.884468 0.177203
2.669526 0.875178 0.176140
2.768001 0.892750 0.176162
2.866484 0.910276 0.176244
2.816188 0.901950 0.176983
2.914643 0.919558 0.177003
3.005250 0.936055 0.173255
2.931203 0.922526 0.167699
3.008795 0.935554 0.150879
2.940065 0.924238 0.151738
EOP
